PIPE 5
1265 436
1848 456
2184 532
3087 541
4550 548

BRICK 15
2980 485
3018 485
3915 484
3944 484
4181 485
4210 485
4029 415
4057 415
4111 390
4139 390
4219 360
4239 360
4259 360
4279 360
4299 360

COIN 32
381 469
423 469
646 542
1072 468
1286 396
1882 379
1935 355
1987 360
2027 392
2056 440
2297 541
2338 541
2377 541
3930 453
4067 541
4196 453
4044 382
4125 357
3891 390
3921 390
3951 390
4051 355
4081 355
4111 355
4241 325
4291 325
4809 468
4849 468
4732 540
4694 540
4720 540
4760 540

GRASSLONG 4
-2 578
5850 578
9260 578
11400 578

GRASS 6
2065 578
3300 578
4550 585
814 541
814 505
7900 578

GRASSSHORT 2
3300 558
3300 525

PLANT 1
1870 440