PIPE 5
190 500
1855 453
2273 540
3100 540
3737 490

BRICK 15
1990 388
2837 470
4380 330
3892 420
3920 420
3948 420
4055 390
4083 390
4111 390
4408 330
4219 360
4239 360
4259 360
4279 360
4436 330

COIN 35
411 469
292 535
367 535
520 535
827 420
913 420
992 420
1769 470
1813 470
1872 425
1810 470
1990 349
2096 470
2837 427
2955 509
2540 535
2605 505
2651 535
3891 390
3921 390
3951 390
4051 355
4081 355
4111 355
4251 325
4291 325
2671 535
2671 535
4640 540
4690 540
4720 540
4220 325
4366 300
4394 300
4422 300