PIPE 6
1063 470
1855 453
2293 540
2598 540
3737 490
8938 540

BRICK 15
2905 454
3016 454
3867 420
3892 420
3920 420
3948 420
4055 390
4083 390
4111 390
4139 390
4219 360
4239 360
4259 360
4279 360
4299 360

COIN 30
350 535
400 535
450 535
500 535
1033 470
1085 440
1140 470
1706 470
1750 470
1780 470
1810 470
1865 425
2260 535
2300 505
2370 535
2560 535
2625 505
2671 535
3891 390
3921 390
3951 390
4051 355
4081 355
4111 355
4241 325
4291 325
4640 540
4690 540
4720 540
4760 540

GRASSLONG 4
-2 578
5850 578
9260 578
11400 578

GRASS 6
2065 578
3300 578
4550 585
814 541
814 505
7900 578

GRASSSHORT 2
3300 558
3300 525

PLANT 1
1870 440